39770
37429
42188
51326
26311
55530
32991
61394
50841
10872
27195
59859
8775
31434
56799
28469
31954
15191
31828
19149
13819
25149
60944
15862
9746
30922
14780
26849
26400
64444
56441
42778
16380
9253
30327
38837
59926
30611
8833
47182
56810
58409
1217
61405
5670
23193
26520
42225
17227
47206
62382
26736
16974
55533
32269
58494
44583
65357
19228
3371
1711
46907
62246
6220
27919
17086
45999
63789
14197
44904
33774
40634
51425
33528
51450
64654
61270
23979
52070
39983
8249
1041
51980
39246
59651
35694
43505
11401
53092
13955
1012
21090
14361
17803
14660
25058
9519
12137
32006
7645
11136
35750
39709
45015
45558
18789
36579
10620
50241
36561
38036
25751
46008
62313
28310
1812
46389
26029
45772
56190
16169
26308
6487
50343
20774
54458
43337
9988
2807
64060
59299
27160
9786
18829
46399
2603
28610
3081
40917
54481
18116
28684
5277
15318
17534
2313
6001
61389
26835
55552
2718
6303
48183
60279
20919
54480
5920
399
32559
6672
20341
42994
37189
31185
10020
43886
368
42087
2235
25540
464
11217
35209
56795
55574
65094
16595
64394
30269
16034
21303
6073
56710
36837
62695
21952
14004
1900
36520
13144
64737
55745
26025
14557
341
28124
65112
15553
47195
60617
39917
57584
12228
7767
31332
913
24214
37001
50314
23793
27306
44450
64706
33210
30694
44519
4711
53306
29665
52420
49305
18624
43935
1869
64251
4307
22250
557
4771
1847
24805
49527
11956
49041
48860
15195
37289
57508
32933
49714
41984
58148
18427
61564
42868
49669
2451
29879
26864
17314
25234
33246
62425
5532
39534
5513
46264
16423
50132
60706
15521
14535
45532
16876
57207
40075
28871
63089
13959
57088
9887
10594
31760
53596
9872
26694
9353
7503
17915
27084
52484
48270
17061
6783
56374
12739
6527
20747
12938
11668
21673
1979
14034
15046
37017
63823
64864
43985
13058
54861
22628
64089
44452
30572
18194
660
49781
57407
32526
29072
24913
7388
3494
37402
41034
62506
15939
39132
29339
41292
54771
8500
34252
48868
8889
47606
44210
57822
34074
61335
35621
3141
48437
63613
36735
50806
63187
5377
26344
54160
64386
26264
60084
51137
5013
52640
26319
21031
34862
39729
7817
33480
52937
12399
9591
19890
41715
8090
14493
49482
33413
61574
61478
62674
34008
12967
50832
24605
37771
13950
26338
48139
60520
20383
861
34652
9603
21348
8297
642
57244
40833
63358
47652
60586
2800
712
16552
2645
64386
16223
24091
55158
30445
37035
274
24944
28622
28345
32020
24544
4607
41639
59892
56296
15831
29384
44406
53588
19529
58111
44043
9348
13777
59521
16459
46460
10388
59847
49656
8190
57127
5940
3604
59245
50416
1616
35147
1212
20476
9027
32201
33240
24071
39496
25787
35429
50175
6108
43940
64083
20614
27125
17756
26884
64320
39386
59285
16614
55390
27763
11972
63611
10676
28985
7570
43088
53696
30193
2155
17011
51353
39372
7173
45269
35861
36147
21701
16921
60150
14102
5923
35954
54096
56560
13531
24131
52953
39543
14822
22726
45159
63691
30050
25561
17693
34326
36846
38952
1481
40179
16525
26526
12740
64048
5519
26771
6426
9914
30248
65452
55112
9651
17857
21627
20373
50090
39353
13890
55139
34395
4048
24240
57043
48088
48284
28867
54319
57257
47331
6099
63459
19345
51321
18162
25763
29554
53196
8475
65256
14239
5236
61394
40903
53724
957
32084
46502
42674
15859
31423
55860
43524
24757
30308
56255
53686
54259
33948
20898
16302
12009
43722
43912
52261
33318
31272
27312
36262
29798
3012
50855
64669
3948
49634
54552
42955
58021
12850
39408
56637
45403
22792
25345
41689
52204
30029
64569
17055
60641
34967
41005
9066
38560
39887
53251
46960
31293
22619
15890
47327
1768
54569
48194
29167
26832
20338
14917
21501
41277
58838
42154
2028
3474
58071
15543
31887
23262
5876
26154
19704
7452
43985
2965
25688
50986
34478
32929
46566
45210
8540
6891
39185
62306
60450
49888
13282
56092
6383
11861
57938
11361
48837
49797
47257
58127
50223
47939
52119
64556
63104
58703
31827
10708
14959
15041
30157
51088
18167
1512
44537
18893
56852
57772
36612
38415
52674
19024
27734
63816
5946
18132
47679
47329
43143
38501
50974
53022
60978
22124
17544
14289
52525
8487
3458
7163
2483
37579
49063
9509
52148
6083
57182
43425
30166
2662
65078
15344
54862
58750
19789
22414
25149
39790
63478
30314
35288
44044
54049
15076
46845
5537
20613
40000
30153
46056
8090
7555
63768
35605
38387
8937
20518
8376
27486
63126
30909
43289
53196
7284
5944
484
39029
15655
11403
17021
41612
23397
8173
60368
29405
50018
61056
19660
7852
25737
13608
41580
12803
8095
2157
29270
19869
16869
31103
537
51739
34411
7945
782
45686
52246
45593
16381
45999
24340
37878
32411
16170
35288
65187
53066
36590
51827
26716
10788
45692
55165
51108
46378
28541
51722
33518
9390
60947
41621
55707
55606
44250
45979
64881
13599
38750
43011
14506
60596
51869
9176
50985
7477
16689
52553
13762
55052
27416
45266
31418
38143
28482
57292
45975
12833
17963
13123
48989
12987
65523
48963
22203
17805
52561
39903
61060
27411
60429
47799
37311
7131
32040
61503
69
34331
55142
45475
6963
49487
56338
14617
61989
56741
41090
23847
24782
30673
52385
57812
62751
63911
63669
65391
63548
45055
10733
18356
45313
10214
4444
39332
58178
58266
39694
64801
54392
64534
38429
45841
47671
425
10834
37829
64100
48671
32606
44647
29963
63781
29672
38545
42577
11323
50003
42029
38998
4866
12061
47833
47918
7971
36692
48078
299
14559
27753
13856
22679
36470
32354
1767
26538
63930
8661
37945
31830
11276
13574
62634
62844
6763
34444
24538
7913
19699
58870
36231
64209
50127
19870
28114
49977
7987
34339
51574
57723
60628
1849
41324
39612
15270
57891
32128
64305
29411
52968
36540
28873
31604
23069
36726
44339
28487
62630
30176
35018
39182
50332
22753
51396
48281
32195
45163
31880
36015
56317
25778
38197
19280
12784
53380
61659
50364
42331
64802
11647
55540
26614
24446
43095
21141
29477
20956
22692
55710
60644
24548
5343
58527
32965
22620
61770
59323
12223
30009
2589
61104
43019
60181
18010
55878
21243
55803
40029
45584
23610
5599
39818
46561
58445
6811
34879
61113
59880
61594
5659
2446
49811
57977
47415
59299
63006
58162
